#This table only contains a few particles. If you need more, add them at need.
#Particle ID(s)     Mass  (GeV)         Name                Charge    Spin    Baryon Number    Strangeness
     211            0.13957039          pi                  1         0          0               0
     111            0.1349768           pi0                 0         0          0               0
     221            0.547862            eta                 0         0          0               0
     213            0.77526             rho(770)            1         1          1               0
     223            0.78266             omega(782)          0         1          0               0
     331            0.95778             eta'(958)           0         0          0               0
     333            1.019461            phi(1020)           0         1          0               0
  100221            1.294               eta(1295)           0         0          0               0
  100223            1.41                omega(1420)         0         1          0               0
  100331            1.475               eta(1475)           0         0          0               0
   10225            1.617               eta(2)(1645)        0         0          0               0
    3023            1.670               omega(1650)         0         3          0               0
     227            1.667               omega(3)(1670)      0         3          0               0
  100333            1.680               phi(1680)           0         1          0               0
   10331            1.704               f(0)(1710)          0         0          0               0
     337            1.854               phi(3)(1850)        0         3          0               0
     321            0.493677            K                   1         0          0               -1
     311            0.497611            K0                  0         0          0               -1
     310            0.497611            K(S)                0         0          0               -1
     130            0.497611            K(L)                0         0          0               -1
     313            0.89555             K*0(892)            0         1          1               -1
     323            0.89167             K*(892)             1         1          1               -1
     315            1.4324              K(2)*(1430)         0         2          1               -1
     443            3.096900            J/psi(1S)           0         1          0               0
    10441           3.41471             chi(c0)(1P)         0         0          0               0
    20443           3.51067             chi(c1)(1P)         0         1          0               0
     2212           0.93827208816       p                   1         0.5        1               0
     2112           0.9395654205        n                   0         0.5        1               0
     3122           1.115683            Lambda              0         0.5        1               -1
    13122           1.4051              Lambda(1405)        0         0.5        1               -1
     3124           1.5190              Lambda(1520)        0         1.5        1               -1
     3222           1.18937             Sigma               1         0.5        1               -1
     3212           1.192642            Sigma               0         0.5        1               -1
     3112           1.197449            Sigma               -1        0.5        1               -1
     3114           1.3872              Sigma(1385)         -1        1.5        1               -1
     3214           1.3837              Sigma(1385)         0         1.5        1               -1
     3224           1.38283             Sigma(1385)         1         1.5        1               -1
     3322           1.31486             Xi                  0         0.5        1               -2
     3312           1.32171             Xi                  -1        0.5        1               -2
     3334           1.67245             Omega               -1        1.5        1               -3
   203338           2.252               Omega(2250)         -1        2.5        1               -3